	[48;2;109;117;202;38;2;0;0;0m    9  [0m[48;2;243;184;105;38;2;0;0;0m    16  [0m[48;2;112;146;134;38;2;0;0;0m    10  [0m[48;2;33;192;175;38;2;0;0;0m    8  [0m[48;2;68;48;170;38;2;0;0;0m    12  [0m[48;2;75;242;89;38;2;0;0;0m    7  [0m[48;2;167;50;112;38;2;0;0;0m    4  [0m[48;2;246;173;129;38;2;0;0;0m    2  [0m[48;2;181;12;6;38;2;0;0;0m    14  [0m[48;2;128;243;125;38;2;0;0;0m    6  [0m[48;2;66;53;96;38;2;0;0;0m    13  [0m[48;2;251;113;120;38;2;0;0;0m    11  [0m[48;2;162;2;136;38;2;0;0;0m    5  [0m[48;2;23;187;181;38;2;0;0;0m    1  [0m[48;2;208;132;209;38;2;0;0;0m    15  [0m[48;2;237;203;240;38;2;0;0;0m    3  [0m
[frame]
	[48;2;33;192;175;38;2;0;0;0m    8  [0m[48;2;243;184;105;38;2;0;0;0m    16  [0m[48;2;112;146;134;38;2;0;0;0m    10  [0m[48;2;109;117;202;38;2;0;0;0m    9  [0m[48;2;68;48;170;38;2;0;0;0m    12  [0m[48;2;75;242;89;38;2;0;0;0m    7  [0m[48;2;167;50;112;38;2;0;0;0m    4  [0m[48;2;246;173;129;38;2;0;0;0m    2  [0m[48;2;181;12;6;38;2;0;0;0m    14  [0m[48;2;128;243;125;38;2;0;0;0m    6  [0m[48;2;66;53;96;38;2;0;0;0m    13  [0m[48;2;251;113;120;38;2;0;0;0m    11  [0m[48;2;162;2;136;38;2;0;0;0m    5  [0m[48;2;23;187;181;38;2;0;0;0m    1  [0m[48;2;208;132;209;38;2;0;0;0m    15  [0m[48;2;237;203;240;38;2;0;0;0m    3  [0m
[frame]
	[48;2;75;242;89;38;2;0;0;0m    7  [0m[48;2;243;184;105;38;2;0;0;0m    16  [0m[48;2;112;146;134;38;2;0;0;0m    10  [0m[48;2;109;117;202;38;2;0;0;0m    9  [0m[48;2;68;48;170;38;2;0;0;0m    12  [0m[48;2;33;192;175;38;2;0;0;0m    8  [0m[48;2;167;50;112;38;2;0;0;0m    4  [0m[48;2;246;173;129;38;2;0;0;0m    2  [0m[48;2;181;12;6;38;2;0;0;0m    14  [0m[48;2;128;243;125;38;2;0;0;0m    6  [0m[48;2;66;53;96;38;2;0;0;0m    13  [0m[48;2;251;113;120;38;2;0;0;0m    11  [0m[48;2;162;2;136;38;2;0;0;0m    5  [0m[48;2;23;187;181;38;2;0;0;0m    1  [0m[48;2;208;132;209;38;2;0;0;0m    15  [0m[48;2;237;203;240;38;2;0;0;0m    3  [0m
[frame]
	[48;2;167;50;112;38;2;0;0;0m    4  [0m[48;2;243;184;105;38;2;0;0;0m    16  [0m[48;2;112;146;134;38;2;0;0;0m    10  [0m[48;2;109;117;202;38;2;0;0;0m    9  [0m[48;2;68;48;170;38;2;0;0;0m    12  [0m[48;2;33;192;175;38;2;0;0;0m    8  [0m[48;2;75;242;89;38;2;0;0;0m    7  [0m[48;2;246;173;129;38;2;0;0;0m    2  [0m[48;2;181;12;6;38;2;0;0;0m    14  [0m[48;2;128;243;125;38;2;0;0;0m    6  [0m[48;2;66;53;96;38;2;0;0;0m    13  [0m[48;2;251;113;120;38;2;0;0;0m    11  [0m[48;2;162;2;136;38;2;0;0;0m    5  [0m[48;2;23;187;181;38;2;0;0;0m    1  [0m[48;2;208;132;209;38;2;0;0;0m    15  [0m[48;2;237;203;240;38;2;0;0;0m    3  [0m
[frame]
	[48;2;246;173;129;38;2;0;0;0m    2  [0m[48;2;243;184;105;38;2;0;0;0m    16  [0m[48;2;112;146;134;38;2;0;0;0m    10  [0m[48;2;109;117;202;38;2;0;0;0m    9  [0m[48;2;68;48;170;38;2;0;0;0m    12  [0m[48;2;33;192;175;38;2;0;0;0m    8  [0m[48;2;75;242;89;38;2;0;0;0m    7  [0m[48;2;167;50;112;38;2;0;0;0m    4  [0m[48;2;181;12;6;38;2;0;0;0m    14  [0m[48;2;128;243;125;38;2;0;0;0m    6  [0m[48;2;66;53;96;38;2;0;0;0m    13  [0m[48;2;251;113;120;38;2;0;0;0m    11  [0m[48;2;162;2;136;38;2;0;0;0m    5  [0m[48;2;23;187;181;38;2;0;0;0m    1  [0m[48;2;208;132;209;38;2;0;0;0m    15  [0m[48;2;237;203;240;38;2;0;0;0m    3  [0m
[frame]
	[48;2;23;187;181;38;2;0;0;0m    1  [0m[48;2;243;184;105;38;2;0;0;0m    16  [0m[48;2;112;146;134;38;2;0;0;0m    10  [0m[48;2;109;117;202;38;2;0;0;0m    9  [0m[48;2;68;48;170;38;2;0;0;0m    12  [0m[48;2;33;192;175;38;2;0;0;0m    8  [0m[48;2;75;242;89;38;2;0;0;0m    7  [0m[48;2;167;50;112;38;2;0;0;0m    4  [0m[48;2;181;12;6;38;2;0;0;0m    14  [0m[48;2;128;243;125;38;2;0;0;0m    6  [0m[48;2;66;53;96;38;2;0;0;0m    13  [0m[48;2;251;113;120;38;2;0;0;0m    11  [0m[48;2;162;2;136;38;2;0;0;0m    5  [0m[48;2;246;173;129;38;2;0;0;0m    2  [0m[48;2;208;132;209;38;2;0;0;0m    15  [0m[48;2;237;203;240;38;2;0;0;0m    3  [0m
[frame]
	[48;2;23;187;181;38;2;0;0;0m    1  [0m[48;2;112;146;134;38;2;0;0;0m    10  [0m[48;2;243;184;105;38;2;0;0;0m    16  [0m[48;2;109;117;202;38;2;0;0;0m    9  [0m[48;2;68;48;170;38;2;0;0;0m    12  [0m[48;2;33;192;175;38;2;0;0;0m    8  [0m[48;2;75;242;89;38;2;0;0;0m    7  [0m[48;2;167;50;112;38;2;0;0;0m    4  [0m[48;2;181;12;6;38;2;0;0;0m    14  [0m[48;2;128;243;125;38;2;0;0;0m    6  [0m[48;2;66;53;96;38;2;0;0;0m    13  [0m[48;2;251;113;120;38;2;0;0;0m    11  [0m[48;2;162;2;136;38;2;0;0;0m    5  [0m[48;2;246;173;129;38;2;0;0;0m    2  [0m[48;2;208;132;209;38;2;0;0;0m    15  [0m[48;2;237;203;240;38;2;0;0;0m    3  [0m
[frame]
	[48;2;23;187;181;38;2;0;0;0m    1  [0m[48;2;109;117;202;38;2;0;0;0m    9  [0m[48;2;243;184;105;38;2;0;0;0m    16  [0m[48;2;112;146;134;38;2;0;0;0m    10  [0m[48;2;68;48;170;38;2;0;0;0m    12  [0m[48;2;33;192;175;38;2;0;0;0m    8  [0m[48;2;75;242;89;38;2;0;0;0m    7  [0m[48;2;167;50;112;38;2;0;0;0m    4  [0m[48;2;181;12;6;38;2;0;0;0m    14  [0m[48;2;128;243;125;38;2;0;0;0m    6  [0m[48;2;66;53;96;38;2;0;0;0m    13  [0m[48;2;251;113;120;38;2;0;0;0m    11  [0m[48;2;162;2;136;38;2;0;0;0m    5  [0m[48;2;246;173;129;38;2;0;0;0m    2  [0m[48;2;208;132;209;38;2;0;0;0m    15  [0m[48;2;237;203;240;38;2;0;0;0m    3  [0m
[frame]
	[48;2;23;187;181;38;2;0;0;0m    1  [0m[48;2;33;192;175;38;2;0;0;0m    8  [0m[48;2;243;184;105;38;2;0;0;0m    16  [0m[48;2;112;146;134;38;2;0;0;0m    10  [0m[48;2;68;48;170;38;2;0;0;0m    12  [0m[48;2;109;117;202;38;2;0;0;0m    9  [0m[48;2;75;242;89;38;2;0;0;0m    7  [0m[48;2;167;50;112;38;2;0;0;0m    4  [0m[48;2;181;12;6;38;2;0;0;0m    14  [0m[48;2;128;243;125;38;2;0;0;0m    6  [0m[48;2;66;53;96;38;2;0;0;0m    13  [0m[48;2;251;113;120;38;2;0;0;0m    11  [0m[48;2;162;2;136;38;2;0;0;0m    5  [0m[48;2;246;173;129;38;2;0;0;0m    2  [0m[48;2;208;132;209;38;2;0;0;0m    15  [0m[48;2;237;203;240;38;2;0;0;0m    3  [0m
[frame]
	[48;2;23;187;181;38;2;0;0;0m    1  [0m[48;2;75;242;89;38;2;0;0;0m    7  [0m[48;2;243;184;105;38;2;0;0;0m    16  [0m[48;2;112;146;134;38;2;0;0;0m    10  [0m[48;2;68;48;170;38;2;0;0;0m    12  [0m[48;2;109;117;202;38;2;0;0;0m    9  [0m[48;2;33;192;175;38;2;0;0;0m    8  [0m[48;2;167;50;112;38;2;0;0;0m    4  [0m[48;2;181;12;6;38;2;0;0;0m    14  [0m[48;2;128;243;125;38;2;0;0;0m    6  [0m[48;2;66;53;96;38;2;0;0;0m    13  [0m[48;2;251;113;120;38;2;0;0;0m    11  [0m[48;2;162;2;136;38;2;0;0;0m    5  [0m[48;2;246;173;129;38;2;0;0;0m    2  [0m[48;2;208;132;209;38;2;0;0;0m    15  [0m[48;2;237;203;240;38;2;0;0;0m    3  [0m
[frame]
	[48;2;23;187;181;38;2;0;0;0m    1  [0m[48;2;167;50;112;38;2;0;0;0m    4  [0m[48;2;243;184;105;38;2;0;0;0m    16  [0m[48;2;112;146;134;38;2;0;0;0m    10  [0m[48;2;68;48;170;38;2;0;0;0m    12  [0m[48;2;109;117;202;38;2;0;0;0m    9  [0m[48;2;33;192;175;38;2;0;0;0m    8  [0m[48;2;75;242;89;38;2;0;0;0m    7  [0m[48;2;181;12;6;38;2;0;0;0m    14  [0m[48;2;128;243;125;38;2;0;0;0m    6  [0m[48;2;66;53;96;38;2;0;0;0m    13  [0m[48;2;251;113;120;38;2;0;0;0m    11  [0m[48;2;162;2;136;38;2;0;0;0m    5  [0m[48;2;246;173;129;38;2;0;0;0m    2  [0m[48;2;208;132;209;38;2;0;0;0m    15  [0m[48;2;237;203;240;38;2;0;0;0m    3  [0m
[frame]
	[48;2;23;187;181;38;2;0;0;0m    1  [0m[48;2;246;173;129;38;2;0;0;0m    2  [0m[48;2;243;184;105;38;2;0;0;0m    16  [0m[48;2;112;146;134;38;2;0;0;0m    10  [0m[48;2;68;48;170;38;2;0;0;0m    12  [0m[48;2;109;117;202;38;2;0;0;0m    9  [0m[48;2;33;192;175;38;2;0;0;0m    8  [0m[48;2;75;242;89;38;2;0;0;0m    7  [0m[48;2;181;12;6;38;2;0;0;0m    14  [0m[48;2;128;243;125;38;2;0;0;0m    6  [0m[48;2;66;53;96;38;2;0;0;0m    13  [0m[48;2;251;113;120;38;2;0;0;0m    11  [0m[48;2;162;2;136;38;2;0;0;0m    5  [0m[48;2;167;50;112;38;2;0;0;0m    4  [0m[48;2;208;132;209;38;2;0;0;0m    15  [0m[48;2;237;203;240;38;2;0;0;0m    3  [0m
[frame]
	[48;2;23;187;181;38;2;0;0;0m    1  [0m[48;2;246;173;129;38;2;0;0;0m    2  [0m[48;2;112;146;134;38;2;0;0;0m    10  [0m[48;2;243;184;105;38;2;0;0;0m    16  [0m[48;2;68;48;170;38;2;0;0;0m    12  [0m[48;2;109;117;202;38;2;0;0;0m    9  [0m[48;2;33;192;175;38;2;0;0;0m    8  [0m[48;2;75;242;89;38;2;0;0;0m    7  [0m[48;2;181;12;6;38;2;0;0;0m    14  [0m[48;2;128;243;125;38;2;0;0;0m    6  [0m[48;2;66;53;96;38;2;0;0;0m    13  [0m[48;2;251;113;120;38;2;0;0;0m    11  [0m[48;2;162;2;136;38;2;0;0;0m    5  [0m[48;2;167;50;112;38;2;0;0;0m    4  [0m[48;2;208;132;209;38;2;0;0;0m    15  [0m[48;2;237;203;240;38;2;0;0;0m    3  [0m
[frame]
	[48;2;23;187;181;38;2;0;0;0m    1  [0m[48;2;246;173;129;38;2;0;0;0m    2  [0m[48;2;109;117;202;38;2;0;0;0m    9  [0m[48;2;243;184;105;38;2;0;0;0m    16  [0m[48;2;68;48;170;38;2;0;0;0m    12  [0m[48;2;112;146;134;38;2;0;0;0m    10  [0m[48;2;33;192;175;38;2;0;0;0m    8  [0m[48;2;75;242;89;38;2;0;0;0m    7  [0m[48;2;181;12;6;38;2;0;0;0m    14  [0m[48;2;128;243;125;38;2;0;0;0m    6  [0m[48;2;66;53;96;38;2;0;0;0m    13  [0m[48;2;251;113;120;38;2;0;0;0m    11  [0m[48;2;162;2;136;38;2;0;0;0m    5  [0m[48;2;167;50;112;38;2;0;0;0m    4  [0m[48;2;208;132;209;38;2;0;0;0m    15  [0m[48;2;237;203;240;38;2;0;0;0m    3  [0m
[frame]
	[48;2;23;187;181;38;2;0;0;0m    1  [0m[48;2;246;173;129;38;2;0;0;0m    2  [0m[48;2;33;192;175;38;2;0;0;0m    8  [0m[48;2;243;184;105;38;2;0;0;0m    16  [0m[48;2;68;48;170;38;2;0;0;0m    12  [0m[48;2;112;146;134;38;2;0;0;0m    10  [0m[48;2;109;117;202;38;2;0;0;0m    9  [0m[48;2;75;242;89;38;2;0;0;0m    7  [0m[48;2;181;12;6;38;2;0;0;0m    14  [0m[48;2;128;243;125;38;2;0;0;0m    6  [0m[48;2;66;53;96;38;2;0;0;0m    13  [0m[48;2;251;113;120;38;2;0;0;0m    11  [0m[48;2;162;2;136;38;2;0;0;0m    5  [0m[48;2;167;50;112;38;2;0;0;0m    4  [0m[48;2;208;132;209;38;2;0;0;0m    15  [0m[48;2;237;203;240;38;2;0;0;0m    3  [0m
[frame]
	[48;2;23;187;181;38;2;0;0;0m    1  [0m[48;2;246;173;129;38;2;0;0;0m    2  [0m[48;2;75;242;89;38;2;0;0;0m    7  [0m[48;2;243;184;105;38;2;0;0;0m    16  [0m[48;2;68;48;170;38;2;0;0;0m    12  [0m[48;2;112;146;134;38;2;0;0;0m    10  [0m[48;2;109;117;202;38;2;0;0;0m    9  [0m[48;2;33;192;175;38;2;0;0;0m    8  [0m[48;2;181;12;6;38;2;0;0;0m    14  [0m[48;2;128;243;125;38;2;0;0;0m    6  [0m[48;2;66;53;96;38;2;0;0;0m    13  [0m[48;2;251;113;120;38;2;0;0;0m    11  [0m[48;2;162;2;136;38;2;0;0;0m    5  [0m[48;2;167;50;112;38;2;0;0;0m    4  [0m[48;2;208;132;209;38;2;0;0;0m    15  [0m[48;2;237;203;240;38;2;0;0;0m    3  [0m
[frame]
	[48;2;23;187;181;38;2;0;0;0m    1  [0m[48;2;246;173;129;38;2;0;0;0m    2  [0m[48;2;128;243;125;38;2;0;0;0m    6  [0m[48;2;243;184;105;38;2;0;0;0m    16  [0m[48;2;68;48;170;38;2;0;0;0m    12  [0m[48;2;112;146;134;38;2;0;0;0m    10  [0m[48;2;109;117;202;38;2;0;0;0m    9  [0m[48;2;33;192;175;38;2;0;0;0m    8  [0m[48;2;181;12;6;38;2;0;0;0m    14  [0m[48;2;75;242;89;38;2;0;0;0m    7  [0m[48;2;66;53;96;38;2;0;0;0m    13  [0m[48;2;251;113;120;38;2;0;0;0m    11  [0m[48;2;162;2;136;38;2;0;0;0m    5  [0m[48;2;167;50;112;38;2;0;0;0m    4  [0m[48;2;208;132;209;38;2;0;0;0m    15  [0m[48;2;237;203;240;38;2;0;0;0m    3  [0m
[frame]
	[48;2;23;187;181;38;2;0;0;0m    1  [0m[48;2;246;173;129;38;2;0;0;0m    2  [0m[48;2;162;2;136;38;2;0;0;0m    5  [0m[48;2;243;184;105;38;2;0;0;0m    16  [0m[48;2;68;48;170;38;2;0;0;0m    12  [0m[48;2;112;146;134;38;2;0;0;0m    10  [0m[48;2;109;117;202;38;2;0;0;0m    9  [0m[48;2;33;192;175;38;2;0;0;0m    8  [0m[48;2;181;12;6;38;2;0;0;0m    14  [0m[48;2;75;242;89;38;2;0;0;0m    7  [0m[48;2;66;53;96;38;2;0;0;0m    13  [0m[48;2;251;113;120;38;2;0;0;0m    11  [0m[48;2;128;243;125;38;2;0;0;0m    6  [0m[48;2;167;50;112;38;2;0;0;0m    4  [0m[48;2;208;132;209;38;2;0;0;0m    15  [0m[48;2;237;203;240;38;2;0;0;0m    3  [0m
[frame]
	[48;2;23;187;181;38;2;0;0;0m    1  [0m[48;2;246;173;129;38;2;0;0;0m    2  [0m[48;2;167;50;112;38;2;0;0;0m    4  [0m[48;2;243;184;105;38;2;0;0;0m    16  [0m[48;2;68;48;170;38;2;0;0;0m    12  [0m[48;2;112;146;134;38;2;0;0;0m    10  [0m[48;2;109;117;202;38;2;0;0;0m    9  [0m[48;2;33;192;175;38;2;0;0;0m    8  [0m[48;2;181;12;6;38;2;0;0;0m    14  [0m[48;2;75;242;89;38;2;0;0;0m    7  [0m[48;2;66;53;96;38;2;0;0;0m    13  [0m[48;2;251;113;120;38;2;0;0;0m    11  [0m[48;2;128;243;125;38;2;0;0;0m    6  [0m[48;2;162;2;136;38;2;0;0;0m    5  [0m[48;2;208;132;209;38;2;0;0;0m    15  [0m[48;2;237;203;240;38;2;0;0;0m    3  [0m
[frame]
	[48;2;23;187;181;38;2;0;0;0m    1  [0m[48;2;246;173;129;38;2;0;0;0m    2  [0m[48;2;237;203;240;38;2;0;0;0m    3  [0m[48;2;243;184;105;38;2;0;0;0m    16  [0m[48;2;68;48;170;38;2;0;0;0m    12  [0m[48;2;112;146;134;38;2;0;0;0m    10  [0m[48;2;109;117;202;38;2;0;0;0m    9  [0m[48;2;33;192;175;38;2;0;0;0m    8  [0m[48;2;181;12;6;38;2;0;0;0m    14  [0m[48;2;75;242;89;38;2;0;0;0m    7  [0m[48;2;66;53;96;38;2;0;0;0m    13  [0m[48;2;251;113;120;38;2;0;0;0m    11  [0m[48;2;128;243;125;38;2;0;0;0m    6  [0m[48;2;162;2;136;38;2;0;0;0m    5  [0m[48;2;208;132;209;38;2;0;0;0m    15  [0m[48;2;167;50;112;38;2;0;0;0m    4  [0m
[frame]
	[48;2;23;187;181;38;2;0;0;0m    1  [0m[48;2;246;173;129;38;2;0;0;0m    2  [0m[48;2;237;203;240;38;2;0;0;0m    3  [0m[48;2;68;48;170;38;2;0;0;0m    12  [0m[48;2;243;184;105;38;2;0;0;0m    16  [0m[48;2;112;146;134;38;2;0;0;0m    10  [0m[48;2;109;117;202;38;2;0;0;0m    9  [0m[48;2;33;192;175;38;2;0;0;0m    8  [0m[48;2;181;12;6;38;2;0;0;0m    14  [0m[48;2;75;242;89;38;2;0;0;0m    7  [0m[48;2;66;53;96;38;2;0;0;0m    13  [0m[48;2;251;113;120;38;2;0;0;0m    11  [0m[48;2;128;243;125;38;2;0;0;0m    6  [0m[48;2;162;2;136;38;2;0;0;0m    5  [0m[48;2;208;132;209;38;2;0;0;0m    15  [0m[48;2;167;50;112;38;2;0;0;0m    4  [0m
[frame]
	[48;2;23;187;181;38;2;0;0;0m    1  [0m[48;2;246;173;129;38;2;0;0;0m    2  [0m[48;2;237;203;240;38;2;0;0;0m    3  [0m[48;2;112;146;134;38;2;0;0;0m    10  [0m[48;2;243;184;105;38;2;0;0;0m    16  [0m[48;2;68;48;170;38;2;0;0;0m    12  [0m[48;2;109;117;202;38;2;0;0;0m    9  [0m[48;2;33;192;175;38;2;0;0;0m    8  [0m[48;2;181;12;6;38;2;0;0;0m    14  [0m[48;2;75;242;89;38;2;0;0;0m    7  [0m[48;2;66;53;96;38;2;0;0;0m    13  [0m[48;2;251;113;120;38;2;0;0;0m    11  [0m[48;2;128;243;125;38;2;0;0;0m    6  [0m[48;2;162;2;136;38;2;0;0;0m    5  [0m[48;2;208;132;209;38;2;0;0;0m    15  [0m[48;2;167;50;112;38;2;0;0;0m    4  [0m
[frame]
	[48;2;23;187;181;38;2;0;0;0m    1  [0m[48;2;246;173;129;38;2;0;0;0m    2  [0m[48;2;237;203;240;38;2;0;0;0m    3  [0m[48;2;109;117;202;38;2;0;0;0m    9  [0m[48;2;243;184;105;38;2;0;0;0m    16  [0m[48;2;68;48;170;38;2;0;0;0m    12  [0m[48;2;112;146;134;38;2;0;0;0m    10  [0m[48;2;33;192;175;38;2;0;0;0m    8  [0m[48;2;181;12;6;38;2;0;0;0m    14  [0m[48;2;75;242;89;38;2;0;0;0m    7  [0m[48;2;66;53;96;38;2;0;0;0m    13  [0m[48;2;251;113;120;38;2;0;0;0m    11  [0m[48;2;128;243;125;38;2;0;0;0m    6  [0m[48;2;162;2;136;38;2;0;0;0m    5  [0m[48;2;208;132;209;38;2;0;0;0m    15  [0m[48;2;167;50;112;38;2;0;0;0m    4  [0m
[frame]
	[48;2;23;187;181;38;2;0;0;0m    1  [0m[48;2;246;173;129;38;2;0;0;0m    2  [0m[48;2;237;203;240;38;2;0;0;0m    3  [0m[48;2;33;192;175;38;2;0;0;0m    8  [0m[48;2;243;184;105;38;2;0;0;0m    16  [0m[48;2;68;48;170;38;2;0;0;0m    12  [0m[48;2;112;146;134;38;2;0;0;0m    10  [0m[48;2;109;117;202;38;2;0;0;0m    9  [0m[48;2;181;12;6;38;2;0;0;0m    14  [0m[48;2;75;242;89;38;2;0;0;0m    7  [0m[48;2;66;53;96;38;2;0;0;0m    13  [0m[48;2;251;113;120;38;2;0;0;0m    11  [0m[48;2;128;243;125;38;2;0;0;0m    6  [0m[48;2;162;2;136;38;2;0;0;0m    5  [0m[48;2;208;132;209;38;2;0;0;0m    15  [0m[48;2;167;50;112;38;2;0;0;0m    4  [0m
[frame]
	[48;2;23;187;181;38;2;0;0;0m    1  [0m[48;2;246;173;129;38;2;0;0;0m    2  [0m[48;2;237;203;240;38;2;0;0;0m    3  [0m[48;2;75;242;89;38;2;0;0;0m    7  [0m[48;2;243;184;105;38;2;0;0;0m    16  [0m[48;2;68;48;170;38;2;0;0;0m    12  [0m[48;2;112;146;134;38;2;0;0;0m    10  [0m[48;2;109;117;202;38;2;0;0;0m    9  [0m[48;2;181;12;6;38;2;0;0;0m    14  [0m[48;2;33;192;175;38;2;0;0;0m    8  [0m[48;2;66;53;96;38;2;0;0;0m    13  [0m[48;2;251;113;120;38;2;0;0;0m    11  [0m[48;2;128;243;125;38;2;0;0;0m    6  [0m[48;2;162;2;136;38;2;0;0;0m    5  [0m[48;2;208;132;209;38;2;0;0;0m    15  [0m[48;2;167;50;112;38;2;0;0;0m    4  [0m
[frame]
	[48;2;23;187;181;38;2;0;0;0m    1  [0m[48;2;246;173;129;38;2;0;0;0m    2  [0m[48;2;237;203;240;38;2;0;0;0m    3  [0m[48;2;128;243;125;38;2;0;0;0m    6  [0m[48;2;243;184;105;38;2;0;0;0m    16  [0m[48;2;68;48;170;38;2;0;0;0m    12  [0m[48;2;112;146;134;38;2;0;0;0m    10  [0m[48;2;109;117;202;38;2;0;0;0m    9  [0m[48;2;181;12;6;38;2;0;0;0m    14  [0m[48;2;33;192;175;38;2;0;0;0m    8  [0m[48;2;66;53;96;38;2;0;0;0m    13  [0m[48;2;251;113;120;38;2;0;0;0m    11  [0m[48;2;75;242;89;38;2;0;0;0m    7  [0m[48;2;162;2;136;38;2;0;0;0m    5  [0m[48;2;208;132;209;38;2;0;0;0m    15  [0m[48;2;167;50;112;38;2;0;0;0m    4  [0m
[frame]
	[48;2;23;187;181;38;2;0;0;0m    1  [0m[48;2;246;173;129;38;2;0;0;0m    2  [0m[48;2;237;203;240;38;2;0;0;0m    3  [0m[48;2;162;2;136;38;2;0;0;0m    5  [0m[48;2;243;184;105;38;2;0;0;0m    16  [0m[48;2;68;48;170;38;2;0;0;0m    12  [0m[48;2;112;146;134;38;2;0;0;0m    10  [0m[48;2;109;117;202;38;2;0;0;0m    9  [0m[48;2;181;12;6;38;2;0;0;0m    14  [0m[48;2;33;192;175;38;2;0;0;0m    8  [0m[48;2;66;53;96;38;2;0;0;0m    13  [0m[48;2;251;113;120;38;2;0;0;0m    11  [0m[48;2;75;242;89;38;2;0;0;0m    7  [0m[48;2;128;243;125;38;2;0;0;0m    6  [0m[48;2;208;132;209;38;2;0;0;0m    15  [0m[48;2;167;50;112;38;2;0;0;0m    4  [0m
[frame]
	[48;2;23;187;181;38;2;0;0;0m    1  [0m[48;2;246;173;129;38;2;0;0;0m    2  [0m[48;2;237;203;240;38;2;0;0;0m    3  [0m[48;2;167;50;112;38;2;0;0;0m    4  [0m[48;2;243;184;105;38;2;0;0;0m    16  [0m[48;2;68;48;170;38;2;0;0;0m    12  [0m[48;2;112;146;134;38;2;0;0;0m    10  [0m[48;2;109;117;202;38;2;0;0;0m    9  [0m[48;2;181;12;6;38;2;0;0;0m    14  [0m[48;2;33;192;175;38;2;0;0;0m    8  [0m[48;2;66;53;96;38;2;0;0;0m    13  [0m[48;2;251;113;120;38;2;0;0;0m    11  [0m[48;2;75;242;89;38;2;0;0;0m    7  [0m[48;2;128;243;125;38;2;0;0;0m    6  [0m[48;2;208;132;209;38;2;0;0;0m    15  [0m[48;2;162;2;136;38;2;0;0;0m    5  [0m
[frame]
	[48;2;23;187;181;38;2;0;0;0m    1  [0m[48;2;246;173;129;38;2;0;0;0m    2  [0m[48;2;237;203;240;38;2;0;0;0m    3  [0m[48;2;167;50;112;38;2;0;0;0m    4  [0m[48;2;68;48;170;38;2;0;0;0m    12  [0m[48;2;243;184;105;38;2;0;0;0m    16  [0m[48;2;112;146;134;38;2;0;0;0m    10  [0m[48;2;109;117;202;38;2;0;0;0m    9  [0m[48;2;181;12;6;38;2;0;0;0m    14  [0m[48;2;33;192;175;38;2;0;0;0m    8  [0m[48;2;66;53;96;38;2;0;0;0m    13  [0m[48;2;251;113;120;38;2;0;0;0m    11  [0m[48;2;75;242;89;38;2;0;0;0m    7  [0m[48;2;128;243;125;38;2;0;0;0m    6  [0m[48;2;208;132;209;38;2;0;0;0m    15  [0m[48;2;162;2;136;38;2;0;0;0m    5  [0m
[frame]
	[48;2;23;187;181;38;2;0;0;0m    1  [0m[48;2;246;173;129;38;2;0;0;0m    2  [0m[48;2;237;203;240;38;2;0;0;0m    3  [0m[48;2;167;50;112;38;2;0;0;0m    4  [0m[48;2;112;146;134;38;2;0;0;0m    10  [0m[48;2;243;184;105;38;2;0;0;0m    16  [0m[48;2;68;48;170;38;2;0;0;0m    12  [0m[48;2;109;117;202;38;2;0;0;0m    9  [0m[48;2;181;12;6;38;2;0;0;0m    14  [0m[48;2;33;192;175;38;2;0;0;0m    8  [0m[48;2;66;53;96;38;2;0;0;0m    13  [0m[48;2;251;113;120;38;2;0;0;0m    11  [0m[48;2;75;242;89;38;2;0;0;0m    7  [0m[48;2;128;243;125;38;2;0;0;0m    6  [0m[48;2;208;132;209;38;2;0;0;0m    15  [0m[48;2;162;2;136;38;2;0;0;0m    5  [0m
[frame]
	[48;2;23;187;181;38;2;0;0;0m    1  [0m[48;2;246;173;129;38;2;0;0;0m    2  [0m[48;2;237;203;240;38;2;0;0;0m    3  [0m[48;2;167;50;112;38;2;0;0;0m    4  [0m[48;2;109;117;202;38;2;0;0;0m    9  [0m[48;2;243;184;105;38;2;0;0;0m    16  [0m[48;2;68;48;170;38;2;0;0;0m    12  [0m[48;2;112;146;134;38;2;0;0;0m    10  [0m[48;2;181;12;6;38;2;0;0;0m    14  [0m[48;2;33;192;175;38;2;0;0;0m    8  [0m[48;2;66;53;96;38;2;0;0;0m    13  [0m[48;2;251;113;120;38;2;0;0;0m    11  [0m[48;2;75;242;89;38;2;0;0;0m    7  [0m[48;2;128;243;125;38;2;0;0;0m    6  [0m[48;2;208;132;209;38;2;0;0;0m    15  [0m[48;2;162;2;136;38;2;0;0;0m    5  [0m
[frame]
	[48;2;23;187;181;38;2;0;0;0m    1  [0m[48;2;246;173;129;38;2;0;0;0m    2  [0m[48;2;237;203;240;38;2;0;0;0m    3  [0m[48;2;167;50;112;38;2;0;0;0m    4  [0m[48;2;33;192;175;38;2;0;0;0m    8  [0m[48;2;243;184;105;38;2;0;0;0m    16  [0m[48;2;68;48;170;38;2;0;0;0m    12  [0m[48;2;112;146;134;38;2;0;0;0m    10  [0m[48;2;181;12;6;38;2;0;0;0m    14  [0m[48;2;109;117;202;38;2;0;0;0m    9  [0m[48;2;66;53;96;38;2;0;0;0m    13  [0m[48;2;251;113;120;38;2;0;0;0m    11  [0m[48;2;75;242;89;38;2;0;0;0m    7  [0m[48;2;128;243;125;38;2;0;0;0m    6  [0m[48;2;208;132;209;38;2;0;0;0m    15  [0m[48;2;162;2;136;38;2;0;0;0m    5  [0m
[frame]
	[48;2;23;187;181;38;2;0;0;0m    1  [0m[48;2;246;173;129;38;2;0;0;0m    2  [0m[48;2;237;203;240;38;2;0;0;0m    3  [0m[48;2;167;50;112;38;2;0;0;0m    4  [0m[48;2;75;242;89;38;2;0;0;0m    7  [0m[48;2;243;184;105;38;2;0;0;0m    16  [0m[48;2;68;48;170;38;2;0;0;0m    12  [0m[48;2;112;146;134;38;2;0;0;0m    10  [0m[48;2;181;12;6;38;2;0;0;0m    14  [0m[48;2;109;117;202;38;2;0;0;0m    9  [0m[48;2;66;53;96;38;2;0;0;0m    13  [0m[48;2;251;113;120;38;2;0;0;0m    11  [0m[48;2;33;192;175;38;2;0;0;0m    8  [0m[48;2;128;243;125;38;2;0;0;0m    6  [0m[48;2;208;132;209;38;2;0;0;0m    15  [0m[48;2;162;2;136;38;2;0;0;0m    5  [0m
[frame]
	[48;2;23;187;181;38;2;0;0;0m    1  [0m[48;2;246;173;129;38;2;0;0;0m    2  [0m[48;2;237;203;240;38;2;0;0;0m    3  [0m[48;2;167;50;112;38;2;0;0;0m    4  [0m[48;2;128;243;125;38;2;0;0;0m    6  [0m[48;2;243;184;105;38;2;0;0;0m    16  [0m[48;2;68;48;170;38;2;0;0;0m    12  [0m[48;2;112;146;134;38;2;0;0;0m    10  [0m[48;2;181;12;6;38;2;0;0;0m    14  [0m[48;2;109;117;202;38;2;0;0;0m    9  [0m[48;2;66;53;96;38;2;0;0;0m    13  [0m[48;2;251;113;120;38;2;0;0;0m    11  [0m[48;2;33;192;175;38;2;0;0;0m    8  [0m[48;2;75;242;89;38;2;0;0;0m    7  [0m[48;2;208;132;209;38;2;0;0;0m    15  [0m[48;2;162;2;136;38;2;0;0;0m    5  [0m
[frame]
	[48;2;23;187;181;38;2;0;0;0m    1  [0m[48;2;246;173;129;38;2;0;0;0m    2  [0m[48;2;237;203;240;38;2;0;0;0m    3  [0m[48;2;167;50;112;38;2;0;0;0m    4  [0m[48;2;162;2;136;38;2;0;0;0m    5  [0m[48;2;243;184;105;38;2;0;0;0m    16  [0m[48;2;68;48;170;38;2;0;0;0m    12  [0m[48;2;112;146;134;38;2;0;0;0m    10  [0m[48;2;181;12;6;38;2;0;0;0m    14  [0m[48;2;109;117;202;38;2;0;0;0m    9  [0m[48;2;66;53;96;38;2;0;0;0m    13  [0m[48;2;251;113;120;38;2;0;0;0m    11  [0m[48;2;33;192;175;38;2;0;0;0m    8  [0m[48;2;75;242;89;38;2;0;0;0m    7  [0m[48;2;208;132;209;38;2;0;0;0m    15  [0m[48;2;128;243;125;38;2;0;0;0m    6  [0m
[frame]
	[48;2;23;187;181;38;2;0;0;0m    1  [0m[48;2;246;173;129;38;2;0;0;0m    2  [0m[48;2;237;203;240;38;2;0;0;0m    3  [0m[48;2;167;50;112;38;2;0;0;0m    4  [0m[48;2;162;2;136;38;2;0;0;0m    5  [0m[48;2;68;48;170;38;2;0;0;0m    12  [0m[48;2;243;184;105;38;2;0;0;0m    16  [0m[48;2;112;146;134;38;2;0;0;0m    10  [0m[48;2;181;12;6;38;2;0;0;0m    14  [0m[48;2;109;117;202;38;2;0;0;0m    9  [0m[48;2;66;53;96;38;2;0;0;0m    13  [0m[48;2;251;113;120;38;2;0;0;0m    11  [0m[48;2;33;192;175;38;2;0;0;0m    8  [0m[48;2;75;242;89;38;2;0;0;0m    7  [0m[48;2;208;132;209;38;2;0;0;0m    15  [0m[48;2;128;243;125;38;2;0;0;0m    6  [0m
[frame]
	[48;2;23;187;181;38;2;0;0;0m    1  [0m[48;2;246;173;129;38;2;0;0;0m    2  [0m[48;2;237;203;240;38;2;0;0;0m    3  [0m[48;2;167;50;112;38;2;0;0;0m    4  [0m[48;2;162;2;136;38;2;0;0;0m    5  [0m[48;2;112;146;134;38;2;0;0;0m    10  [0m[48;2;243;184;105;38;2;0;0;0m    16  [0m[48;2;68;48;170;38;2;0;0;0m    12  [0m[48;2;181;12;6;38;2;0;0;0m    14  [0m[48;2;109;117;202;38;2;0;0;0m    9  [0m[48;2;66;53;96;38;2;0;0;0m    13  [0m[48;2;251;113;120;38;2;0;0;0m    11  [0m[48;2;33;192;175;38;2;0;0;0m    8  [0m[48;2;75;242;89;38;2;0;0;0m    7  [0m[48;2;208;132;209;38;2;0;0;0m    15  [0m[48;2;128;243;125;38;2;0;0;0m    6  [0m
[frame]
	[48;2;23;187;181;38;2;0;0;0m    1  [0m[48;2;246;173;129;38;2;0;0;0m    2  [0m[48;2;237;203;240;38;2;0;0;0m    3  [0m[48;2;167;50;112;38;2;0;0;0m    4  [0m[48;2;162;2;136;38;2;0;0;0m    5  [0m[48;2;109;117;202;38;2;0;0;0m    9  [0m[48;2;243;184;105;38;2;0;0;0m    16  [0m[48;2;68;48;170;38;2;0;0;0m    12  [0m[48;2;181;12;6;38;2;0;0;0m    14  [0m[48;2;112;146;134;38;2;0;0;0m    10  [0m[48;2;66;53;96;38;2;0;0;0m    13  [0m[48;2;251;113;120;38;2;0;0;0m    11  [0m[48;2;33;192;175;38;2;0;0;0m    8  [0m[48;2;75;242;89;38;2;0;0;0m    7  [0m[48;2;208;132;209;38;2;0;0;0m    15  [0m[48;2;128;243;125;38;2;0;0;0m    6  [0m
[frame]
	[48;2;23;187;181;38;2;0;0;0m    1  [0m[48;2;246;173;129;38;2;0;0;0m    2  [0m[48;2;237;203;240;38;2;0;0;0m    3  [0m[48;2;167;50;112;38;2;0;0;0m    4  [0m[48;2;162;2;136;38;2;0;0;0m    5  [0m[48;2;33;192;175;38;2;0;0;0m    8  [0m[48;2;243;184;105;38;2;0;0;0m    16  [0m[48;2;68;48;170;38;2;0;0;0m    12  [0m[48;2;181;12;6;38;2;0;0;0m    14  [0m[48;2;112;146;134;38;2;0;0;0m    10  [0m[48;2;66;53;96;38;2;0;0;0m    13  [0m[48;2;251;113;120;38;2;0;0;0m    11  [0m[48;2;109;117;202;38;2;0;0;0m    9  [0m[48;2;75;242;89;38;2;0;0;0m    7  [0m[48;2;208;132;209;38;2;0;0;0m    15  [0m[48;2;128;243;125;38;2;0;0;0m    6  [0m
[frame]
	[48;2;23;187;181;38;2;0;0;0m    1  [0m[48;2;246;173;129;38;2;0;0;0m    2  [0m[48;2;237;203;240;38;2;0;0;0m    3  [0m[48;2;167;50;112;38;2;0;0;0m    4  [0m[48;2;162;2;136;38;2;0;0;0m    5  [0m[48;2;75;242;89;38;2;0;0;0m    7  [0m[48;2;243;184;105;38;2;0;0;0m    16  [0m[48;2;68;48;170;38;2;0;0;0m    12  [0m[48;2;181;12;6;38;2;0;0;0m    14  [0m[48;2;112;146;134;38;2;0;0;0m    10  [0m[48;2;66;53;96;38;2;0;0;0m    13  [0m[48;2;251;113;120;38;2;0;0;0m    11  [0m[48;2;109;117;202;38;2;0;0;0m    9  [0m[48;2;33;192;175;38;2;0;0;0m    8  [0m[48;2;208;132;209;38;2;0;0;0m    15  [0m[48;2;128;243;125;38;2;0;0;0m    6  [0m
[frame]
	[48;2;23;187;181;38;2;0;0;0m    1  [0m[48;2;246;173;129;38;2;0;0;0m    2  [0m[48;2;237;203;240;38;2;0;0;0m    3  [0m[48;2;167;50;112;38;2;0;0;0m    4  [0m[48;2;162;2;136;38;2;0;0;0m    5  [0m[48;2;128;243;125;38;2;0;0;0m    6  [0m[48;2;243;184;105;38;2;0;0;0m    16  [0m[48;2;68;48;170;38;2;0;0;0m    12  [0m[48;2;181;12;6;38;2;0;0;0m    14  [0m[48;2;112;146;134;38;2;0;0;0m    10  [0m[48;2;66;53;96;38;2;0;0;0m    13  [0m[48;2;251;113;120;38;2;0;0;0m    11  [0m[48;2;109;117;202;38;2;0;0;0m    9  [0m[48;2;33;192;175;38;2;0;0;0m    8  [0m[48;2;208;132;209;38;2;0;0;0m    15  [0m[48;2;75;242;89;38;2;0;0;0m    7  [0m
[frame]
	[48;2;23;187;181;38;2;0;0;0m    1  [0m[48;2;246;173;129;38;2;0;0;0m    2  [0m[48;2;237;203;240;38;2;0;0;0m    3  [0m[48;2;167;50;112;38;2;0;0;0m    4  [0m[48;2;162;2;136;38;2;0;0;0m    5  [0m[48;2;128;243;125;38;2;0;0;0m    6  [0m[48;2;68;48;170;38;2;0;0;0m    12  [0m[48;2;243;184;105;38;2;0;0;0m    16  [0m[48;2;181;12;6;38;2;0;0;0m    14  [0m[48;2;112;146;134;38;2;0;0;0m    10  [0m[48;2;66;53;96;38;2;0;0;0m    13  [0m[48;2;251;113;120;38;2;0;0;0m    11  [0m[48;2;109;117;202;38;2;0;0;0m    9  [0m[48;2;33;192;175;38;2;0;0;0m    8  [0m[48;2;208;132;209;38;2;0;0;0m    15  [0m[48;2;75;242;89;38;2;0;0;0m    7  [0m
[frame]
	[48;2;23;187;181;38;2;0;0;0m    1  [0m[48;2;246;173;129;38;2;0;0;0m    2  [0m[48;2;237;203;240;38;2;0;0;0m    3  [0m[48;2;167;50;112;38;2;0;0;0m    4  [0m[48;2;162;2;136;38;2;0;0;0m    5  [0m[48;2;128;243;125;38;2;0;0;0m    6  [0m[48;2;112;146;134;38;2;0;0;0m    10  [0m[48;2;243;184;105;38;2;0;0;0m    16  [0m[48;2;181;12;6;38;2;0;0;0m    14  [0m[48;2;68;48;170;38;2;0;0;0m    12  [0m[48;2;66;53;96;38;2;0;0;0m    13  [0m[48;2;251;113;120;38;2;0;0;0m    11  [0m[48;2;109;117;202;38;2;0;0;0m    9  [0m[48;2;33;192;175;38;2;0;0;0m    8  [0m[48;2;208;132;209;38;2;0;0;0m    15  [0m[48;2;75;242;89;38;2;0;0;0m    7  [0m
[frame]
	[48;2;23;187;181;38;2;0;0;0m    1  [0m[48;2;246;173;129;38;2;0;0;0m    2  [0m[48;2;237;203;240;38;2;0;0;0m    3  [0m[48;2;167;50;112;38;2;0;0;0m    4  [0m[48;2;162;2;136;38;2;0;0;0m    5  [0m[48;2;128;243;125;38;2;0;0;0m    6  [0m[48;2;109;117;202;38;2;0;0;0m    9  [0m[48;2;243;184;105;38;2;0;0;0m    16  [0m[48;2;181;12;6;38;2;0;0;0m    14  [0m[48;2;68;48;170;38;2;0;0;0m    12  [0m[48;2;66;53;96;38;2;0;0;0m    13  [0m[48;2;251;113;120;38;2;0;0;0m    11  [0m[48;2;112;146;134;38;2;0;0;0m    10  [0m[48;2;33;192;175;38;2;0;0;0m    8  [0m[48;2;208;132;209;38;2;0;0;0m    15  [0m[48;2;75;242;89;38;2;0;0;0m    7  [0m
[frame]
	[48;2;23;187;181;38;2;0;0;0m    1  [0m[48;2;246;173;129;38;2;0;0;0m    2  [0m[48;2;237;203;240;38;2;0;0;0m    3  [0m[48;2;167;50;112;38;2;0;0;0m    4  [0m[48;2;162;2;136;38;2;0;0;0m    5  [0m[48;2;128;243;125;38;2;0;0;0m    6  [0m[48;2;33;192;175;38;2;0;0;0m    8  [0m[48;2;243;184;105;38;2;0;0;0m    16  [0m[48;2;181;12;6;38;2;0;0;0m    14  [0m[48;2;68;48;170;38;2;0;0;0m    12  [0m[48;2;66;53;96;38;2;0;0;0m    13  [0m[48;2;251;113;120;38;2;0;0;0m    11  [0m[48;2;112;146;134;38;2;0;0;0m    10  [0m[48;2;109;117;202;38;2;0;0;0m    9  [0m[48;2;208;132;209;38;2;0;0;0m    15  [0m[48;2;75;242;89;38;2;0;0;0m    7  [0m
[frame]
	[48;2;23;187;181;38;2;0;0;0m    1  [0m[48;2;246;173;129;38;2;0;0;0m    2  [0m[48;2;237;203;240;38;2;0;0;0m    3  [0m[48;2;167;50;112;38;2;0;0;0m    4  [0m[48;2;162;2;136;38;2;0;0;0m    5  [0m[48;2;128;243;125;38;2;0;0;0m    6  [0m[48;2;75;242;89;38;2;0;0;0m    7  [0m[48;2;243;184;105;38;2;0;0;0m    16  [0m[48;2;181;12;6;38;2;0;0;0m    14  [0m[48;2;68;48;170;38;2;0;0;0m    12  [0m[48;2;66;53;96;38;2;0;0;0m    13  [0m[48;2;251;113;120;38;2;0;0;0m    11  [0m[48;2;112;146;134;38;2;0;0;0m    10  [0m[48;2;109;117;202;38;2;0;0;0m    9  [0m[48;2;208;132;209;38;2;0;0;0m    15  [0m[48;2;33;192;175;38;2;0;0;0m    8  [0m
[frame]
	[48;2;23;187;181;38;2;0;0;0m    1  [0m[48;2;246;173;129;38;2;0;0;0m    2  [0m[48;2;237;203;240;38;2;0;0;0m    3  [0m[48;2;167;50;112;38;2;0;0;0m    4  [0m[48;2;162;2;136;38;2;0;0;0m    5  [0m[48;2;128;243;125;38;2;0;0;0m    6  [0m[48;2;75;242;89;38;2;0;0;0m    7  [0m[48;2;181;12;6;38;2;0;0;0m    14  [0m[48;2;243;184;105;38;2;0;0;0m    16  [0m[48;2;68;48;170;38;2;0;0;0m    12  [0m[48;2;66;53;96;38;2;0;0;0m    13  [0m[48;2;251;113;120;38;2;0;0;0m    11  [0m[48;2;112;146;134;38;2;0;0;0m    10  [0m[48;2;109;117;202;38;2;0;0;0m    9  [0m[48;2;208;132;209;38;2;0;0;0m    15  [0m[48;2;33;192;175;38;2;0;0;0m    8  [0m
[frame]
	[48;2;23;187;181;38;2;0;0;0m    1  [0m[48;2;246;173;129;38;2;0;0;0m    2  [0m[48;2;237;203;240;38;2;0;0;0m    3  [0m[48;2;167;50;112;38;2;0;0;0m    4  [0m[48;2;162;2;136;38;2;0;0;0m    5  [0m[48;2;128;243;125;38;2;0;0;0m    6  [0m[48;2;75;242;89;38;2;0;0;0m    7  [0m[48;2;68;48;170;38;2;0;0;0m    12  [0m[48;2;243;184;105;38;2;0;0;0m    16  [0m[48;2;181;12;6;38;2;0;0;0m    14  [0m[48;2;66;53;96;38;2;0;0;0m    13  [0m[48;2;251;113;120;38;2;0;0;0m    11  [0m[48;2;112;146;134;38;2;0;0;0m    10  [0m[48;2;109;117;202;38;2;0;0;0m    9  [0m[48;2;208;132;209;38;2;0;0;0m    15  [0m[48;2;33;192;175;38;2;0;0;0m    8  [0m
[frame]
	[48;2;23;187;181;38;2;0;0;0m    1  [0m[48;2;246;173;129;38;2;0;0;0m    2  [0m[48;2;237;203;240;38;2;0;0;0m    3  [0m[48;2;167;50;112;38;2;0;0;0m    4  [0m[48;2;162;2;136;38;2;0;0;0m    5  [0m[48;2;128;243;125;38;2;0;0;0m    6  [0m[48;2;75;242;89;38;2;0;0;0m    7  [0m[48;2;251;113;120;38;2;0;0;0m    11  [0m[48;2;243;184;105;38;2;0;0;0m    16  [0m[48;2;181;12;6;38;2;0;0;0m    14  [0m[48;2;66;53;96;38;2;0;0;0m    13  [0m[48;2;68;48;170;38;2;0;0;0m    12  [0m[48;2;112;146;134;38;2;0;0;0m    10  [0m[48;2;109;117;202;38;2;0;0;0m    9  [0m[48;2;208;132;209;38;2;0;0;0m    15  [0m[48;2;33;192;175;38;2;0;0;0m    8  [0m
[frame]
	[48;2;23;187;181;38;2;0;0;0m    1  [0m[48;2;246;173;129;38;2;0;0;0m    2  [0m[48;2;237;203;240;38;2;0;0;0m    3  [0m[48;2;167;50;112;38;2;0;0;0m    4  [0m[48;2;162;2;136;38;2;0;0;0m    5  [0m[48;2;128;243;125;38;2;0;0;0m    6  [0m[48;2;75;242;89;38;2;0;0;0m    7  [0m[48;2;112;146;134;38;2;0;0;0m    10  [0m[48;2;243;184;105;38;2;0;0;0m    16  [0m[48;2;181;12;6;38;2;0;0;0m    14  [0m[48;2;66;53;96;38;2;0;0;0m    13  [0m[48;2;68;48;170;38;2;0;0;0m    12  [0m[48;2;251;113;120;38;2;0;0;0m    11  [0m[48;2;109;117;202;38;2;0;0;0m    9  [0m[48;2;208;132;209;38;2;0;0;0m    15  [0m[48;2;33;192;175;38;2;0;0;0m    8  [0m
[frame]
	[48;2;23;187;181;38;2;0;0;0m    1  [0m[48;2;246;173;129;38;2;0;0;0m    2  [0m[48;2;237;203;240;38;2;0;0;0m    3  [0m[48;2;167;50;112;38;2;0;0;0m    4  [0m[48;2;162;2;136;38;2;0;0;0m    5  [0m[48;2;128;243;125;38;2;0;0;0m    6  [0m[48;2;75;242;89;38;2;0;0;0m    7  [0m[48;2;109;117;202;38;2;0;0;0m    9  [0m[48;2;243;184;105;38;2;0;0;0m    16  [0m[48;2;181;12;6;38;2;0;0;0m    14  [0m[48;2;66;53;96;38;2;0;0;0m    13  [0m[48;2;68;48;170;38;2;0;0;0m    12  [0m[48;2;251;113;120;38;2;0;0;0m    11  [0m[48;2;112;146;134;38;2;0;0;0m    10  [0m[48;2;208;132;209;38;2;0;0;0m    15  [0m[48;2;33;192;175;38;2;0;0;0m    8  [0m
[frame]
	[48;2;23;187;181;38;2;0;0;0m    1  [0m[48;2;246;173;129;38;2;0;0;0m    2  [0m[48;2;237;203;240;38;2;0;0;0m    3  [0m[48;2;167;50;112;38;2;0;0;0m    4  [0m[48;2;162;2;136;38;2;0;0;0m    5  [0m[48;2;128;243;125;38;2;0;0;0m    6  [0m[48;2;75;242;89;38;2;0;0;0m    7  [0m[48;2;33;192;175;38;2;0;0;0m    8  [0m[48;2;243;184;105;38;2;0;0;0m    16  [0m[48;2;181;12;6;38;2;0;0;0m    14  [0m[48;2;66;53;96;38;2;0;0;0m    13  [0m[48;2;68;48;170;38;2;0;0;0m    12  [0m[48;2;251;113;120;38;2;0;0;0m    11  [0m[48;2;112;146;134;38;2;0;0;0m    10  [0m[48;2;208;132;209;38;2;0;0;0m    15  [0m[48;2;109;117;202;38;2;0;0;0m    9  [0m
[frame]
	[48;2;23;187;181;38;2;0;0;0m    1  [0m[48;2;246;173;129;38;2;0;0;0m    2  [0m[48;2;237;203;240;38;2;0;0;0m    3  [0m[48;2;167;50;112;38;2;0;0;0m    4  [0m[48;2;162;2;136;38;2;0;0;0m    5  [0m[48;2;128;243;125;38;2;0;0;0m    6  [0m[48;2;75;242;89;38;2;0;0;0m    7  [0m[48;2;33;192;175;38;2;0;0;0m    8  [0m[48;2;181;12;6;38;2;0;0;0m    14  [0m[48;2;243;184;105;38;2;0;0;0m    16  [0m[48;2;66;53;96;38;2;0;0;0m    13  [0m[48;2;68;48;170;38;2;0;0;0m    12  [0m[48;2;251;113;120;38;2;0;0;0m    11  [0m[48;2;112;146;134;38;2;0;0;0m    10  [0m[48;2;208;132;209;38;2;0;0;0m    15  [0m[48;2;109;117;202;38;2;0;0;0m    9  [0m
[frame]
	[48;2;23;187;181;38;2;0;0;0m    1  [0m[48;2;246;173;129;38;2;0;0;0m    2  [0m[48;2;237;203;240;38;2;0;0;0m    3  [0m[48;2;167;50;112;38;2;0;0;0m    4  [0m[48;2;162;2;136;38;2;0;0;0m    5  [0m[48;2;128;243;125;38;2;0;0;0m    6  [0m[48;2;75;242;89;38;2;0;0;0m    7  [0m[48;2;33;192;175;38;2;0;0;0m    8  [0m[48;2;66;53;96;38;2;0;0;0m    13  [0m[48;2;243;184;105;38;2;0;0;0m    16  [0m[48;2;181;12;6;38;2;0;0;0m    14  [0m[48;2;68;48;170;38;2;0;0;0m    12  [0m[48;2;251;113;120;38;2;0;0;0m    11  [0m[48;2;112;146;134;38;2;0;0;0m    10  [0m[48;2;208;132;209;38;2;0;0;0m    15  [0m[48;2;109;117;202;38;2;0;0;0m    9  [0m
[frame]
	[48;2;23;187;181;38;2;0;0;0m    1  [0m[48;2;246;173;129;38;2;0;0;0m    2  [0m[48;2;237;203;240;38;2;0;0;0m    3  [0m[48;2;167;50;112;38;2;0;0;0m    4  [0m[48;2;162;2;136;38;2;0;0;0m    5  [0m[48;2;128;243;125;38;2;0;0;0m    6  [0m[48;2;75;242;89;38;2;0;0;0m    7  [0m[48;2;33;192;175;38;2;0;0;0m    8  [0m[48;2;68;48;170;38;2;0;0;0m    12  [0m[48;2;243;184;105;38;2;0;0;0m    16  [0m[48;2;181;12;6;38;2;0;0;0m    14  [0m[48;2;66;53;96;38;2;0;0;0m    13  [0m[48;2;251;113;120;38;2;0;0;0m    11  [0m[48;2;112;146;134;38;2;0;0;0m    10  [0m[48;2;208;132;209;38;2;0;0;0m    15  [0m[48;2;109;117;202;38;2;0;0;0m    9  [0m
[frame]
	[48;2;23;187;181;38;2;0;0;0m    1  [0m[48;2;246;173;129;38;2;0;0;0m    2  [0m[48;2;237;203;240;38;2;0;0;0m    3  [0m[48;2;167;50;112;38;2;0;0;0m    4  [0m[48;2;162;2;136;38;2;0;0;0m    5  [0m[48;2;128;243;125;38;2;0;0;0m    6  [0m[48;2;75;242;89;38;2;0;0;0m    7  [0m[48;2;33;192;175;38;2;0;0;0m    8  [0m[48;2;251;113;120;38;2;0;0;0m    11  [0m[48;2;243;184;105;38;2;0;0;0m    16  [0m[48;2;181;12;6;38;2;0;0;0m    14  [0m[48;2;66;53;96;38;2;0;0;0m    13  [0m[48;2;68;48;170;38;2;0;0;0m    12  [0m[48;2;112;146;134;38;2;0;0;0m    10  [0m[48;2;208;132;209;38;2;0;0;0m    15  [0m[48;2;109;117;202;38;2;0;0;0m    9  [0m
[frame]
	[48;2;23;187;181;38;2;0;0;0m    1  [0m[48;2;246;173;129;38;2;0;0;0m    2  [0m[48;2;237;203;240;38;2;0;0;0m    3  [0m[48;2;167;50;112;38;2;0;0;0m    4  [0m[48;2;162;2;136;38;2;0;0;0m    5  [0m[48;2;128;243;125;38;2;0;0;0m    6  [0m[48;2;75;242;89;38;2;0;0;0m    7  [0m[48;2;33;192;175;38;2;0;0;0m    8  [0m[48;2;112;146;134;38;2;0;0;0m    10  [0m[48;2;243;184;105;38;2;0;0;0m    16  [0m[48;2;181;12;6;38;2;0;0;0m    14  [0m[48;2;66;53;96;38;2;0;0;0m    13  [0m[48;2;68;48;170;38;2;0;0;0m    12  [0m[48;2;251;113;120;38;2;0;0;0m    11  [0m[48;2;208;132;209;38;2;0;0;0m    15  [0m[48;2;109;117;202;38;2;0;0;0m    9  [0m
[frame]
	[48;2;23;187;181;38;2;0;0;0m    1  [0m[48;2;246;173;129;38;2;0;0;0m    2  [0m[48;2;237;203;240;38;2;0;0;0m    3  [0m[48;2;167;50;112;38;2;0;0;0m    4  [0m[48;2;162;2;136;38;2;0;0;0m    5  [0m[48;2;128;243;125;38;2;0;0;0m    6  [0m[48;2;75;242;89;38;2;0;0;0m    7  [0m[48;2;33;192;175;38;2;0;0;0m    8  [0m[48;2;109;117;202;38;2;0;0;0m    9  [0m[48;2;243;184;105;38;2;0;0;0m    16  [0m[48;2;181;12;6;38;2;0;0;0m    14  [0m[48;2;66;53;96;38;2;0;0;0m    13  [0m[48;2;68;48;170;38;2;0;0;0m    12  [0m[48;2;251;113;120;38;2;0;0;0m    11  [0m[48;2;208;132;209;38;2;0;0;0m    15  [0m[48;2;112;146;134;38;2;0;0;0m    10  [0m
[frame]
	[48;2;23;187;181;38;2;0;0;0m    1  [0m[48;2;246;173;129;38;2;0;0;0m    2  [0m[48;2;237;203;240;38;2;0;0;0m    3  [0m[48;2;167;50;112;38;2;0;0;0m    4  [0m[48;2;162;2;136;38;2;0;0;0m    5  [0m[48;2;128;243;125;38;2;0;0;0m    6  [0m[48;2;75;242;89;38;2;0;0;0m    7  [0m[48;2;33;192;175;38;2;0;0;0m    8  [0m[48;2;109;117;202;38;2;0;0;0m    9  [0m[48;2;181;12;6;38;2;0;0;0m    14  [0m[48;2;243;184;105;38;2;0;0;0m    16  [0m[48;2;66;53;96;38;2;0;0;0m    13  [0m[48;2;68;48;170;38;2;0;0;0m    12  [0m[48;2;251;113;120;38;2;0;0;0m    11  [0m[48;2;208;132;209;38;2;0;0;0m    15  [0m[48;2;112;146;134;38;2;0;0;0m    10  [0m
[frame]
	[48;2;23;187;181;38;2;0;0;0m    1  [0m[48;2;246;173;129;38;2;0;0;0m    2  [0m[48;2;237;203;240;38;2;0;0;0m    3  [0m[48;2;167;50;112;38;2;0;0;0m    4  [0m[48;2;162;2;136;38;2;0;0;0m    5  [0m[48;2;128;243;125;38;2;0;0;0m    6  [0m[48;2;75;242;89;38;2;0;0;0m    7  [0m[48;2;33;192;175;38;2;0;0;0m    8  [0m[48;2;109;117;202;38;2;0;0;0m    9  [0m[48;2;66;53;96;38;2;0;0;0m    13  [0m[48;2;243;184;105;38;2;0;0;0m    16  [0m[48;2;181;12;6;38;2;0;0;0m    14  [0m[48;2;68;48;170;38;2;0;0;0m    12  [0m[48;2;251;113;120;38;2;0;0;0m    11  [0m[48;2;208;132;209;38;2;0;0;0m    15  [0m[48;2;112;146;134;38;2;0;0;0m    10  [0m
[frame]
	[48;2;23;187;181;38;2;0;0;0m    1  [0m[48;2;246;173;129;38;2;0;0;0m    2  [0m[48;2;237;203;240;38;2;0;0;0m    3  [0m[48;2;167;50;112;38;2;0;0;0m    4  [0m[48;2;162;2;136;38;2;0;0;0m    5  [0m[48;2;128;243;125;38;2;0;0;0m    6  [0m[48;2;75;242;89;38;2;0;0;0m    7  [0m[48;2;33;192;175;38;2;0;0;0m    8  [0m[48;2;109;117;202;38;2;0;0;0m    9  [0m[48;2;68;48;170;38;2;0;0;0m    12  [0m[48;2;243;184;105;38;2;0;0;0m    16  [0m[48;2;181;12;6;38;2;0;0;0m    14  [0m[48;2;66;53;96;38;2;0;0;0m    13  [0m[48;2;251;113;120;38;2;0;0;0m    11  [0m[48;2;208;132;209;38;2;0;0;0m    15  [0m[48;2;112;146;134;38;2;0;0;0m    10  [0m
[frame]
	[48;2;23;187;181;38;2;0;0;0m    1  [0m[48;2;246;173;129;38;2;0;0;0m    2  [0m[48;2;237;203;240;38;2;0;0;0m    3  [0m[48;2;167;50;112;38;2;0;0;0m    4  [0m[48;2;162;2;136;38;2;0;0;0m    5  [0m[48;2;128;243;125;38;2;0;0;0m    6  [0m[48;2;75;242;89;38;2;0;0;0m    7  [0m[48;2;33;192;175;38;2;0;0;0m    8  [0m[48;2;109;117;202;38;2;0;0;0m    9  [0m[48;2;251;113;120;38;2;0;0;0m    11  [0m[48;2;243;184;105;38;2;0;0;0m    16  [0m[48;2;181;12;6;38;2;0;0;0m    14  [0m[48;2;66;53;96;38;2;0;0;0m    13  [0m[48;2;68;48;170;38;2;0;0;0m    12  [0m[48;2;208;132;209;38;2;0;0;0m    15  [0m[48;2;112;146;134;38;2;0;0;0m    10  [0m
[frame]
	[48;2;23;187;181;38;2;0;0;0m    1  [0m[48;2;246;173;129;38;2;0;0;0m    2  [0m[48;2;237;203;240;38;2;0;0;0m    3  [0m[48;2;167;50;112;38;2;0;0;0m    4  [0m[48;2;162;2;136;38;2;0;0;0m    5  [0m[48;2;128;243;125;38;2;0;0;0m    6  [0m[48;2;75;242;89;38;2;0;0;0m    7  [0m[48;2;33;192;175;38;2;0;0;0m    8  [0m[48;2;109;117;202;38;2;0;0;0m    9  [0m[48;2;112;146;134;38;2;0;0;0m    10  [0m[48;2;243;184;105;38;2;0;0;0m    16  [0m[48;2;181;12;6;38;2;0;0;0m    14  [0m[48;2;66;53;96;38;2;0;0;0m    13  [0m[48;2;68;48;170;38;2;0;0;0m    12  [0m[48;2;208;132;209;38;2;0;0;0m    15  [0m[48;2;251;113;120;38;2;0;0;0m    11  [0m
[frame]
	[48;2;23;187;181;38;2;0;0;0m    1  [0m[48;2;246;173;129;38;2;0;0;0m    2  [0m[48;2;237;203;240;38;2;0;0;0m    3  [0m[48;2;167;50;112;38;2;0;0;0m    4  [0m[48;2;162;2;136;38;2;0;0;0m    5  [0m[48;2;128;243;125;38;2;0;0;0m    6  [0m[48;2;75;242;89;38;2;0;0;0m    7  [0m[48;2;33;192;175;38;2;0;0;0m    8  [0m[48;2;109;117;202;38;2;0;0;0m    9  [0m[48;2;112;146;134;38;2;0;0;0m    10  [0m[48;2;181;12;6;38;2;0;0;0m    14  [0m[48;2;243;184;105;38;2;0;0;0m    16  [0m[48;2;66;53;96;38;2;0;0;0m    13  [0m[48;2;68;48;170;38;2;0;0;0m    12  [0m[48;2;208;132;209;38;2;0;0;0m    15  [0m[48;2;251;113;120;38;2;0;0;0m    11  [0m
[frame]
	[48;2;23;187;181;38;2;0;0;0m    1  [0m[48;2;246;173;129;38;2;0;0;0m    2  [0m[48;2;237;203;240;38;2;0;0;0m    3  [0m[48;2;167;50;112;38;2;0;0;0m    4  [0m[48;2;162;2;136;38;2;0;0;0m    5  [0m[48;2;128;243;125;38;2;0;0;0m    6  [0m[48;2;75;242;89;38;2;0;0;0m    7  [0m[48;2;33;192;175;38;2;0;0;0m    8  [0m[48;2;109;117;202;38;2;0;0;0m    9  [0m[48;2;112;146;134;38;2;0;0;0m    10  [0m[48;2;66;53;96;38;2;0;0;0m    13  [0m[48;2;243;184;105;38;2;0;0;0m    16  [0m[48;2;181;12;6;38;2;0;0;0m    14  [0m[48;2;68;48;170;38;2;0;0;0m    12  [0m[48;2;208;132;209;38;2;0;0;0m    15  [0m[48;2;251;113;120;38;2;0;0;0m    11  [0m
[frame]
	[48;2;23;187;181;38;2;0;0;0m    1  [0m[48;2;246;173;129;38;2;0;0;0m    2  [0m[48;2;237;203;240;38;2;0;0;0m    3  [0m[48;2;167;50;112;38;2;0;0;0m    4  [0m[48;2;162;2;136;38;2;0;0;0m    5  [0m[48;2;128;243;125;38;2;0;0;0m    6  [0m[48;2;75;242;89;38;2;0;0;0m    7  [0m[48;2;33;192;175;38;2;0;0;0m    8  [0m[48;2;109;117;202;38;2;0;0;0m    9  [0m[48;2;112;146;134;38;2;0;0;0m    10  [0m[48;2;68;48;170;38;2;0;0;0m    12  [0m[48;2;243;184;105;38;2;0;0;0m    16  [0m[48;2;181;12;6;38;2;0;0;0m    14  [0m[48;2;66;53;96;38;2;0;0;0m    13  [0m[48;2;208;132;209;38;2;0;0;0m    15  [0m[48;2;251;113;120;38;2;0;0;0m    11  [0m
[frame]
	[48;2;23;187;181;38;2;0;0;0m    1  [0m[48;2;246;173;129;38;2;0;0;0m    2  [0m[48;2;237;203;240;38;2;0;0;0m    3  [0m[48;2;167;50;112;38;2;0;0;0m    4  [0m[48;2;162;2;136;38;2;0;0;0m    5  [0m[48;2;128;243;125;38;2;0;0;0m    6  [0m[48;2;75;242;89;38;2;0;0;0m    7  [0m[48;2;33;192;175;38;2;0;0;0m    8  [0m[48;2;109;117;202;38;2;0;0;0m    9  [0m[48;2;112;146;134;38;2;0;0;0m    10  [0m[48;2;251;113;120;38;2;0;0;0m    11  [0m[48;2;243;184;105;38;2;0;0;0m    16  [0m[48;2;181;12;6;38;2;0;0;0m    14  [0m[48;2;66;53;96;38;2;0;0;0m    13  [0m[48;2;208;132;209;38;2;0;0;0m    15  [0m[48;2;68;48;170;38;2;0;0;0m    12  [0m
[frame]
	[48;2;23;187;181;38;2;0;0;0m    1  [0m[48;2;246;173;129;38;2;0;0;0m    2  [0m[48;2;237;203;240;38;2;0;0;0m    3  [0m[48;2;167;50;112;38;2;0;0;0m    4  [0m[48;2;162;2;136;38;2;0;0;0m    5  [0m[48;2;128;243;125;38;2;0;0;0m    6  [0m[48;2;75;242;89;38;2;0;0;0m    7  [0m[48;2;33;192;175;38;2;0;0;0m    8  [0m[48;2;109;117;202;38;2;0;0;0m    9  [0m[48;2;112;146;134;38;2;0;0;0m    10  [0m[48;2;251;113;120;38;2;0;0;0m    11  [0m[48;2;181;12;6;38;2;0;0;0m    14  [0m[48;2;243;184;105;38;2;0;0;0m    16  [0m[48;2;66;53;96;38;2;0;0;0m    13  [0m[48;2;208;132;209;38;2;0;0;0m    15  [0m[48;2;68;48;170;38;2;0;0;0m    12  [0m
[frame]
	[48;2;23;187;181;38;2;0;0;0m    1  [0m[48;2;246;173;129;38;2;0;0;0m    2  [0m[48;2;237;203;240;38;2;0;0;0m    3  [0m[48;2;167;50;112;38;2;0;0;0m    4  [0m[48;2;162;2;136;38;2;0;0;0m    5  [0m[48;2;128;243;125;38;2;0;0;0m    6  [0m[48;2;75;242;89;38;2;0;0;0m    7  [0m[48;2;33;192;175;38;2;0;0;0m    8  [0m[48;2;109;117;202;38;2;0;0;0m    9  [0m[48;2;112;146;134;38;2;0;0;0m    10  [0m[48;2;251;113;120;38;2;0;0;0m    11  [0m[48;2;66;53;96;38;2;0;0;0m    13  [0m[48;2;243;184;105;38;2;0;0;0m    16  [0m[48;2;181;12;6;38;2;0;0;0m    14  [0m[48;2;208;132;209;38;2;0;0;0m    15  [0m[48;2;68;48;170;38;2;0;0;0m    12  [0m
[frame]
	[48;2;23;187;181;38;2;0;0;0m    1  [0m[48;2;246;173;129;38;2;0;0;0m    2  [0m[48;2;237;203;240;38;2;0;0;0m    3  [0m[48;2;167;50;112;38;2;0;0;0m    4  [0m[48;2;162;2;136;38;2;0;0;0m    5  [0m[48;2;128;243;125;38;2;0;0;0m    6  [0m[48;2;75;242;89;38;2;0;0;0m    7  [0m[48;2;33;192;175;38;2;0;0;0m    8  [0m[48;2;109;117;202;38;2;0;0;0m    9  [0m[48;2;112;146;134;38;2;0;0;0m    10  [0m[48;2;251;113;120;38;2;0;0;0m    11  [0m[48;2;68;48;170;38;2;0;0;0m    12  [0m[48;2;243;184;105;38;2;0;0;0m    16  [0m[48;2;181;12;6;38;2;0;0;0m    14  [0m[48;2;208;132;209;38;2;0;0;0m    15  [0m[48;2;66;53;96;38;2;0;0;0m    13  [0m
[frame]
	[48;2;23;187;181;38;2;0;0;0m    1  [0m[48;2;246;173;129;38;2;0;0;0m    2  [0m[48;2;237;203;240;38;2;0;0;0m    3  [0m[48;2;167;50;112;38;2;0;0;0m    4  [0m[48;2;162;2;136;38;2;0;0;0m    5  [0m[48;2;128;243;125;38;2;0;0;0m    6  [0m[48;2;75;242;89;38;2;0;0;0m    7  [0m[48;2;33;192;175;38;2;0;0;0m    8  [0m[48;2;109;117;202;38;2;0;0;0m    9  [0m[48;2;112;146;134;38;2;0;0;0m    10  [0m[48;2;251;113;120;38;2;0;0;0m    11  [0m[48;2;68;48;170;38;2;0;0;0m    12  [0m[48;2;181;12;6;38;2;0;0;0m    14  [0m[48;2;243;184;105;38;2;0;0;0m    16  [0m[48;2;208;132;209;38;2;0;0;0m    15  [0m[48;2;66;53;96;38;2;0;0;0m    13  [0m
[frame]
	[48;2;23;187;181;38;2;0;0;0m    1  [0m[48;2;246;173;129;38;2;0;0;0m    2  [0m[48;2;237;203;240;38;2;0;0;0m    3  [0m[48;2;167;50;112;38;2;0;0;0m    4  [0m[48;2;162;2;136;38;2;0;0;0m    5  [0m[48;2;128;243;125;38;2;0;0;0m    6  [0m[48;2;75;242;89;38;2;0;0;0m    7  [0m[48;2;33;192;175;38;2;0;0;0m    8  [0m[48;2;109;117;202;38;2;0;0;0m    9  [0m[48;2;112;146;134;38;2;0;0;0m    10  [0m[48;2;251;113;120;38;2;0;0;0m    11  [0m[48;2;68;48;170;38;2;0;0;0m    12  [0m[48;2;66;53;96;38;2;0;0;0m    13  [0m[48;2;243;184;105;38;2;0;0;0m    16  [0m[48;2;208;132;209;38;2;0;0;0m    15  [0m[48;2;181;12;6;38;2;0;0;0m    14  [0m
[frame]
	[48;2;23;187;181;38;2;0;0;0m    1  [0m[48;2;246;173;129;38;2;0;0;0m    2  [0m[48;2;237;203;240;38;2;0;0;0m    3  [0m[48;2;167;50;112;38;2;0;0;0m    4  [0m[48;2;162;2;136;38;2;0;0;0m    5  [0m[48;2;128;243;125;38;2;0;0;0m    6  [0m[48;2;75;242;89;38;2;0;0;0m    7  [0m[48;2;33;192;175;38;2;0;0;0m    8  [0m[48;2;109;117;202;38;2;0;0;0m    9  [0m[48;2;112;146;134;38;2;0;0;0m    10  [0m[48;2;251;113;120;38;2;0;0;0m    11  [0m[48;2;68;48;170;38;2;0;0;0m    12  [0m[48;2;66;53;96;38;2;0;0;0m    13  [0m[48;2;208;132;209;38;2;0;0;0m    15  [0m[48;2;243;184;105;38;2;0;0;0m    16  [0m[48;2;181;12;6;38;2;0;0;0m    14  [0m
[frame]
	[48;2;23;187;181;38;2;0;0;0m    1  [0m[48;2;246;173;129;38;2;0;0;0m    2  [0m[48;2;237;203;240;38;2;0;0;0m    3  [0m[48;2;167;50;112;38;2;0;0;0m    4  [0m[48;2;162;2;136;38;2;0;0;0m    5  [0m[48;2;128;243;125;38;2;0;0;0m    6  [0m[48;2;75;242;89;38;2;0;0;0m    7  [0m[48;2;33;192;175;38;2;0;0;0m    8  [0m[48;2;109;117;202;38;2;0;0;0m    9  [0m[48;2;112;146;134;38;2;0;0;0m    10  [0m[48;2;251;113;120;38;2;0;0;0m    11  [0m[48;2;68;48;170;38;2;0;0;0m    12  [0m[48;2;66;53;96;38;2;0;0;0m    13  [0m[48;2;181;12;6;38;2;0;0;0m    14  [0m[48;2;243;184;105;38;2;0;0;0m    16  [0m[48;2;208;132;209;38;2;0;0;0m    15  [0m
[frame]
	[48;2;23;187;181;38;2;0;0;0m    1  [0m[48;2;246;173;129;38;2;0;0;0m    2  [0m[48;2;237;203;240;38;2;0;0;0m    3  [0m[48;2;167;50;112;38;2;0;0;0m    4  [0m[48;2;162;2;136;38;2;0;0;0m    5  [0m[48;2;128;243;125;38;2;0;0;0m    6  [0m[48;2;75;242;89;38;2;0;0;0m    7  [0m[48;2;33;192;175;38;2;0;0;0m    8  [0m[48;2;109;117;202;38;2;0;0;0m    9  [0m[48;2;112;146;134;38;2;0;0;0m    10  [0m[48;2;251;113;120;38;2;0;0;0m    11  [0m[48;2;68;48;170;38;2;0;0;0m    12  [0m[48;2;66;53;96;38;2;0;0;0m    13  [0m[48;2;181;12;6;38;2;0;0;0m    14  [0m[48;2;208;132;209;38;2;0;0;0m    15  [0m[48;2;243;184;105;38;2;0;0;0m    16  [0m
[frame]
